(kicad_pcb (version 20171130) (host pcbnew "(5.0.1)-4")

  (general
    (thickness 1.6)
    (drawings 0)
    (tracks 0)
    (zones 0)
    (modules 21)
    (nets 91)
  )

  (page A4)
  (layers
    (0 F.Cu signal)
    (31 B.Cu signal)
    (32 B.Adhes user)
    (33 F.Adhes user)
    (34 B.Paste user)
    (35 F.Paste user)
    (36 B.SilkS user)
    (37 F.SilkS user)
    (38 B.Mask user)
    (39 F.Mask user)
    (40 Dwgs.User user)
    (41 Cmts.User user)
    (42 Eco1.User user)
    (43 Eco2.User user)
    (44 Edge.Cuts user)
    (45 Margin user)
    (46 B.CrtYd user)
    (47 F.CrtYd user)
    (48 B.Fab user)
    (49 F.Fab user)
  )

  (setup
    (last_trace_width 0.25)
    (trace_clearance 0.2)
    (zone_clearance 0.508)
    (zone_45_only no)
    (trace_min 0.2)
    (segment_width 0.2)
    (edge_width 0.15)
    (via_size 0.8)
    (via_drill 0.4)
    (via_min_size 0.4)
    (via_min_drill 0.3)
    (uvia_size 0.3)
    (uvia_drill 0.1)
    (uvias_allowed no)
    (uvia_min_size 0.2)
    (uvia_min_drill 0.1)
    (pcb_text_width 0.3)
    (pcb_text_size 1.5 1.5)
    (mod_edge_width 0.15)
    (mod_text_size 1 1)
    (mod_text_width 0.15)
    (pad_size 1.524 1.524)
    (pad_drill 0.762)
    (pad_to_mask_clearance 0.051)
    (solder_mask_min_width 0.25)
    (aux_axis_origin 0 0)
    (visible_elements FFFFFF7F)
    (pcbplotparams
      (layerselection 0x010fc_ffffffff)
      (usegerberextensions false)
      (usegerberattributes false)
      (usegerberadvancedattributes false)
      (creategerberjobfile false)
      (excludeedgelayer true)
      (linewidth 0.100000)
      (plotframeref false)
      (viasonmask false)
      (mode 1)
      (useauxorigin false)
      (hpglpennumber 1)
      (hpglpenspeed 20)
      (hpglpendiameter 15.000000)
      (psnegative false)
      (psa4output false)
      (plotreference true)
      (plotvalue true)
      (plotinvisibletext false)
      (padsonsilk false)
      (subtractmaskfromsilk false)
      (outputformat 1)
      (mirror false)
      (drillshape 1)
      (scaleselection 1)
      (outputdirectory ""))
  )

  (net 0 "")
  (net 1 VCC)
  (net 2 GND)
  (net 3 VDD)
  (net 4 "Net-(C3-Pad1)")
  (net 5 "Net-(C4-Pad1)")
  (net 6 "Net-(D1-Pad2)")
  (net 7 /~SS)
  (net 8 /D1)
  (net 9 "Net-(I1-Pad15)")
  (net 10 "Net-(I1-Pad18)")
  (net 11 "Net-(I1-Pad16)")
  (net 12 /D5)
  (net 13 "Net-(I1-Pad12)")
  (net 14 /MODE1)
  (net 15 "Net-(I1-Pad5)")
  (net 16 "Net-(I1-Pad9)")
  (net 17 "Net-(I1-Pad13)")
  (net 18 "Net-(I1-Pad10)")
  (net 19 /MODE0)
  (net 20 "Net-(I1-Pad6)")
  (net 21 "Net-(I1-Pad14)")
  (net 22 "Net-(I1-Pad17)")
  (net 23 /D3)
  (net 24 /D0)
  (net 25 /D4)
  (net 26 /D2)
  (net 27 "Net-(I1-Pad11)")
  (net 28 "Net-(I1-Pad7)")
  (net 29 "Net-(I1-Pad8)")
  (net 30 "Net-(I1-Pad39)")
  (net 31 /~RESET)
  (net 32 /~IORQ)
  (net 33 /D6)
  (net 34 /~WAIT)
  (net 35 /~RD)
  (net 36 "Net-(I1-Pad31)")
  (net 37 "Net-(I1-Pad32)")
  (net 38 /D7)
  (net 39 "Net-(I1-Pad34)")
  (net 40 "Net-(I1-Pad28)")
  (net 41 "Net-(I1-Pad40)")
  (net 42 "Net-(I1-Pad29)")
  (net 43 "Net-(I1-Pad37)")
  (net 44 /~WR)
  (net 45 "Net-(I1-Pad30)")
  (net 46 "Net-(I1-Pad44)")
  (net 47 "Net-(I1-Pad46)")
  (net 48 "Net-(I1-Pad47)")
  (net 49 "Net-(I1-Pad48)")
  (net 50 "Net-(I1-Pad45)")
  (net 51 "Net-(I1-Pad42)")
  (net 52 "Net-(I1-Pad41)")
  (net 53 "Net-(I1-Pad43)")
  (net 54 "Net-(I1-Pad55)")
  (net 55 "Net-(I1-Pad52)")
  (net 56 "Net-(I1-Pad56)")
  (net 57 "Net-(I1-Pad50)")
  (net 58 "Net-(I1-Pad49)")
  (net 59 "Net-(I1-Pad54)")
  (net 60 "Net-(I1-Pad51)")
  (net 61 "Net-(I1-Pad53)")
  (net 62 "Net-(IC1-Pad2)")
  (net 63 /SCK)
  (net 64 "Net-(IC1-Pad10)")
  (net 65 /MISO)
  (net 66 "Net-(IC1-Pad11)")
  (net 67 "Net-(IC1-Pad5)")
  (net 68 "Net-(IC1-Pad12)")
  (net 69 "Net-(IC1-Pad6)")
  (net 70 "Net-(IC1-Pad13)")
  (net 71 /MOSI)
  (net 72 "Net-(IC1-Pad14)")
  (net 73 "Net-(J1-Pad8)")
  (net 74 "Net-(J1-Pad1)")
  (net 75 /~SEL)
  (net 76 "Net-(J2-Pad15)")
  (net 77 "Net-(J2-Pad13)")
  (net 78 "Net-(J2-Pad11)")
  (net 79 "Net-(J2-Pad9)")
  (net 80 "Net-(J2-Pad7)")
  (net 81 "Net-(J2-Pad5)")
  (net 82 "Net-(J2-Pad3)")
  (net 83 "Net-(J2-Pad1)")
  (net 84 "Net-(R1-Pad1)")
  (net 85 "Net-(U3-Pad14)")
  (net 86 /~CS)
  (net 87 "Net-(U3-Pad15)")
  (net 88 "Net-(U4-Pad1)")
  (net 89 "Net-(IC1-Pad16)")
  (net 90 "Net-(IC1-Pad15)")

  (net_class Default "This is the default net class."
    (clearance 0.2)
    (trace_width 0.25)
    (via_dia 0.8)
    (via_drill 0.4)
    (uvia_dia 0.3)
    (uvia_drill 0.1)
    (add_net /D0)
    (add_net /D1)
    (add_net /D2)
    (add_net /D3)
    (add_net /D4)
    (add_net /D5)
    (add_net /D6)
    (add_net /D7)
    (add_net /MISO)
    (add_net /MODE0)
    (add_net /MODE1)
    (add_net /MOSI)
    (add_net /SCK)
    (add_net /~CS)
    (add_net /~IORQ)
    (add_net /~RD)
    (add_net /~RESET)
    (add_net /~SEL)
    (add_net /~SS)
    (add_net /~WAIT)
    (add_net /~WR)
    (add_net GND)
    (add_net "Net-(C3-Pad1)")
    (add_net "Net-(C4-Pad1)")
    (add_net "Net-(D1-Pad2)")
    (add_net "Net-(I1-Pad10)")
    (add_net "Net-(I1-Pad11)")
    (add_net "Net-(I1-Pad12)")
    (add_net "Net-(I1-Pad13)")
    (add_net "Net-(I1-Pad14)")
    (add_net "Net-(I1-Pad15)")
    (add_net "Net-(I1-Pad16)")
    (add_net "Net-(I1-Pad17)")
    (add_net "Net-(I1-Pad18)")
    (add_net "Net-(I1-Pad28)")
    (add_net "Net-(I1-Pad29)")
    (add_net "Net-(I1-Pad30)")
    (add_net "Net-(I1-Pad31)")
    (add_net "Net-(I1-Pad32)")
    (add_net "Net-(I1-Pad34)")
    (add_net "Net-(I1-Pad37)")
    (add_net "Net-(I1-Pad39)")
    (add_net "Net-(I1-Pad40)")
    (add_net "Net-(I1-Pad41)")
    (add_net "Net-(I1-Pad42)")
    (add_net "Net-(I1-Pad43)")
    (add_net "Net-(I1-Pad44)")
    (add_net "Net-(I1-Pad45)")
    (add_net "Net-(I1-Pad46)")
    (add_net "Net-(I1-Pad47)")
    (add_net "Net-(I1-Pad48)")
    (add_net "Net-(I1-Pad49)")
    (add_net "Net-(I1-Pad5)")
    (add_net "Net-(I1-Pad50)")
    (add_net "Net-(I1-Pad51)")
    (add_net "Net-(I1-Pad52)")
    (add_net "Net-(I1-Pad53)")
    (add_net "Net-(I1-Pad54)")
    (add_net "Net-(I1-Pad55)")
    (add_net "Net-(I1-Pad56)")
    (add_net "Net-(I1-Pad6)")
    (add_net "Net-(I1-Pad7)")
    (add_net "Net-(I1-Pad8)")
    (add_net "Net-(I1-Pad9)")
    (add_net "Net-(IC1-Pad10)")
    (add_net "Net-(IC1-Pad11)")
    (add_net "Net-(IC1-Pad12)")
    (add_net "Net-(IC1-Pad13)")
    (add_net "Net-(IC1-Pad14)")
    (add_net "Net-(IC1-Pad15)")
    (add_net "Net-(IC1-Pad16)")
    (add_net "Net-(IC1-Pad2)")
    (add_net "Net-(IC1-Pad5)")
    (add_net "Net-(IC1-Pad6)")
    (add_net "Net-(J1-Pad1)")
    (add_net "Net-(J1-Pad8)")
    (add_net "Net-(J2-Pad1)")
    (add_net "Net-(J2-Pad11)")
    (add_net "Net-(J2-Pad13)")
    (add_net "Net-(J2-Pad15)")
    (add_net "Net-(J2-Pad3)")
    (add_net "Net-(J2-Pad5)")
    (add_net "Net-(J2-Pad7)")
    (add_net "Net-(J2-Pad9)")
    (add_net "Net-(R1-Pad1)")
    (add_net "Net-(U3-Pad14)")
    (add_net "Net-(U3-Pad15)")
    (add_net "Net-(U4-Pad1)")
    (add_net VCC)
    (add_net VDD)
  )

  (module Resistors_SMD:R_1206_HandSoldering (layer B.Cu) (tedit 58E0A804) (tstamp 5E3298D5)
    (at 180.34 120.015)
    (descr "Resistor SMD 1206, hand soldering")
    (tags "resistor 1206")
    (path /5E2B58E5)
    (attr smd)
    (fp_text reference C1 (at 0 1.85) (layer B.SilkS)
      (effects (font (size 1 1) (thickness 0.15)) (justify mirror))
    )
    (fp_text value 0.33uF (at 0 -1.9) (layer B.Fab)
      (effects (font (size 1 1) (thickness 0.15)) (justify mirror))
    )
    (fp_text user %R (at 0 0) (layer B.Fab)
      (effects (font (size 0.7 0.7) (thickness 0.105)) (justify mirror))
    )
    (fp_line (start -1.6 -0.8) (end -1.6 0.8) (layer B.Fab) (width 0.1))
    (fp_line (start 1.6 -0.8) (end -1.6 -0.8) (layer B.Fab) (width 0.1))
    (fp_line (start 1.6 0.8) (end 1.6 -0.8) (layer B.Fab) (width 0.1))
    (fp_line (start -1.6 0.8) (end 1.6 0.8) (layer B.Fab) (width 0.1))
    (fp_line (start 1 -1.07) (end -1 -1.07) (layer B.SilkS) (width 0.12))
    (fp_line (start -1 1.07) (end 1 1.07) (layer B.SilkS) (width 0.12))
    (fp_line (start -3.25 1.11) (end 3.25 1.11) (layer B.CrtYd) (width 0.05))
    (fp_line (start -3.25 1.11) (end -3.25 -1.1) (layer B.CrtYd) (width 0.05))
    (fp_line (start 3.25 -1.1) (end 3.25 1.11) (layer B.CrtYd) (width 0.05))
    (fp_line (start 3.25 -1.1) (end -3.25 -1.1) (layer B.CrtYd) (width 0.05))
    (pad 1 smd rect (at -2 0) (size 2 1.7) (layers B.Cu B.Paste B.Mask)
      (net 1 VCC))
    (pad 2 smd rect (at 2 0) (size 2 1.7) (layers B.Cu B.Paste B.Mask)
      (net 2 GND))
    (model ${KISYS3DMOD}/Resistors_SMD.3dshapes/R_1206.wrl
      (at (xyz 0 0 0))
      (scale (xyz 1 1 1))
      (rotate (xyz 0 0 0))
    )
  )

  (module Resistors_SMD:R_1206_HandSoldering (layer B.Cu) (tedit 58E0A804) (tstamp 5E3298E6)
    (at 180.435 123.825)
    (descr "Resistor SMD 1206, hand soldering")
    (tags "resistor 1206")
    (path /5E2B9962)
    (attr smd)
    (fp_text reference C2 (at 0 1.85) (layer B.SilkS)
      (effects (font (size 1 1) (thickness 0.15)) (justify mirror))
    )
    (fp_text value 0.1uF (at 0 -1.9) (layer B.Fab)
      (effects (font (size 1 1) (thickness 0.15)) (justify mirror))
    )
    (fp_line (start 3.25 -1.1) (end -3.25 -1.1) (layer B.CrtYd) (width 0.05))
    (fp_line (start 3.25 -1.1) (end 3.25 1.11) (layer B.CrtYd) (width 0.05))
    (fp_line (start -3.25 1.11) (end -3.25 -1.1) (layer B.CrtYd) (width 0.05))
    (fp_line (start -3.25 1.11) (end 3.25 1.11) (layer B.CrtYd) (width 0.05))
    (fp_line (start -1 1.07) (end 1 1.07) (layer B.SilkS) (width 0.12))
    (fp_line (start 1 -1.07) (end -1 -1.07) (layer B.SilkS) (width 0.12))
    (fp_line (start -1.6 0.8) (end 1.6 0.8) (layer B.Fab) (width 0.1))
    (fp_line (start 1.6 0.8) (end 1.6 -0.8) (layer B.Fab) (width 0.1))
    (fp_line (start 1.6 -0.8) (end -1.6 -0.8) (layer B.Fab) (width 0.1))
    (fp_line (start -1.6 -0.8) (end -1.6 0.8) (layer B.Fab) (width 0.1))
    (fp_text user %R (at 0 0) (layer B.Fab)
      (effects (font (size 0.7 0.7) (thickness 0.105)) (justify mirror))
    )
    (pad 2 smd rect (at 2 0) (size 2 1.7) (layers B.Cu B.Paste B.Mask)
      (net 2 GND))
    (pad 1 smd rect (at -2 0) (size 2 1.7) (layers B.Cu B.Paste B.Mask)
      (net 3 VDD))
    (model ${KISYS3DMOD}/Resistors_SMD.3dshapes/R_1206.wrl
      (at (xyz 0 0 0))
      (scale (xyz 1 1 1))
      (rotate (xyz 0 0 0))
    )
  )

  (module Resistors_SMD:R_1206_HandSoldering (layer B.Cu) (tedit 58E0A804) (tstamp 5E3298F7)
    (at 137.065 101.6 180)
    (descr "Resistor SMD 1206, hand soldering")
    (tags "resistor 1206")
    (path /5E1BB264)
    (attr smd)
    (fp_text reference C3 (at 4.35 0 180) (layer B.SilkS)
      (effects (font (size 1 1) (thickness 0.15)) (justify mirror))
    )
    (fp_text value 20pf (at 0 -1.9 180) (layer B.Fab)
      (effects (font (size 1 1) (thickness 0.15)) (justify mirror))
    )
    (fp_line (start 3.25 -1.1) (end -3.25 -1.1) (layer B.CrtYd) (width 0.05))
    (fp_line (start 3.25 -1.1) (end 3.25 1.11) (layer B.CrtYd) (width 0.05))
    (fp_line (start -3.25 1.11) (end -3.25 -1.1) (layer B.CrtYd) (width 0.05))
    (fp_line (start -3.25 1.11) (end 3.25 1.11) (layer B.CrtYd) (width 0.05))
    (fp_line (start -1 1.07) (end 1 1.07) (layer B.SilkS) (width 0.12))
    (fp_line (start 1 -1.07) (end -1 -1.07) (layer B.SilkS) (width 0.12))
    (fp_line (start -1.6 0.8) (end 1.6 0.8) (layer B.Fab) (width 0.1))
    (fp_line (start 1.6 0.8) (end 1.6 -0.8) (layer B.Fab) (width 0.1))
    (fp_line (start 1.6 -0.8) (end -1.6 -0.8) (layer B.Fab) (width 0.1))
    (fp_line (start -1.6 -0.8) (end -1.6 0.8) (layer B.Fab) (width 0.1))
    (fp_text user %R (at 0 0 180) (layer B.Fab)
      (effects (font (size 0.7 0.7) (thickness 0.105)) (justify mirror))
    )
    (pad 2 smd rect (at 2 0 180) (size 2 1.7) (layers B.Cu B.Paste B.Mask)
      (net 2 GND))
    (pad 1 smd rect (at -2 0 180) (size 2 1.7) (layers B.Cu B.Paste B.Mask)
      (net 4 "Net-(C3-Pad1)"))
    (model ${KISYS3DMOD}/Resistors_SMD.3dshapes/R_1206.wrl
      (at (xyz 0 0 0))
      (scale (xyz 1 1 1))
      (rotate (xyz 0 0 0))
    )
  )

  (module Resistors_SMD:R_1206_HandSoldering (layer B.Cu) (tedit 58E0A804) (tstamp 5E329908)
    (at 137.16 106.68 180)
    (descr "Resistor SMD 1206, hand soldering")
    (tags "resistor 1206")
    (path /5E1BB3A3)
    (attr smd)
    (fp_text reference C4 (at 4.445 0 180) (layer B.SilkS)
      (effects (font (size 1 1) (thickness 0.15)) (justify mirror))
    )
    (fp_text value 20pf (at 0 -1.9 180) (layer B.Fab)
      (effects (font (size 1 1) (thickness 0.15)) (justify mirror))
    )
    (fp_text user %R (at 0 0 180) (layer B.Fab)
      (effects (font (size 0.7 0.7) (thickness 0.105)) (justify mirror))
    )
    (fp_line (start -1.6 -0.8) (end -1.6 0.8) (layer B.Fab) (width 0.1))
    (fp_line (start 1.6 -0.8) (end -1.6 -0.8) (layer B.Fab) (width 0.1))
    (fp_line (start 1.6 0.8) (end 1.6 -0.8) (layer B.Fab) (width 0.1))
    (fp_line (start -1.6 0.8) (end 1.6 0.8) (layer B.Fab) (width 0.1))
    (fp_line (start 1 -1.07) (end -1 -1.07) (layer B.SilkS) (width 0.12))
    (fp_line (start -1 1.07) (end 1 1.07) (layer B.SilkS) (width 0.12))
    (fp_line (start -3.25 1.11) (end 3.25 1.11) (layer B.CrtYd) (width 0.05))
    (fp_line (start -3.25 1.11) (end -3.25 -1.1) (layer B.CrtYd) (width 0.05))
    (fp_line (start 3.25 -1.1) (end 3.25 1.11) (layer B.CrtYd) (width 0.05))
    (fp_line (start 3.25 -1.1) (end -3.25 -1.1) (layer B.CrtYd) (width 0.05))
    (pad 1 smd rect (at -2 0 180) (size 2 1.7) (layers B.Cu B.Paste B.Mask)
      (net 5 "Net-(C4-Pad1)"))
    (pad 2 smd rect (at 2 0 180) (size 2 1.7) (layers B.Cu B.Paste B.Mask)
      (net 2 GND))
    (model ${KISYS3DMOD}/Resistors_SMD.3dshapes/R_1206.wrl
      (at (xyz 0 0 0))
      (scale (xyz 1 1 1))
      (rotate (xyz 0 0 0))
    )
  )

  (module Resistors_SMD:R_1206_HandSoldering (layer B.Cu) (tedit 58E0A804) (tstamp 5E329919)
    (at 182.88 107.95 180)
    (descr "Resistor SMD 1206, hand soldering")
    (tags "resistor 1206")
    (path /5E36746B)
    (attr smd)
    (fp_text reference C5 (at 0 1.85 180) (layer B.SilkS)
      (effects (font (size 1 1) (thickness 0.15)) (justify mirror))
    )
    (fp_text value 1uF (at 0 -1.9 180) (layer B.Fab)
      (effects (font (size 1 1) (thickness 0.15)) (justify mirror))
    )
    (fp_line (start 3.25 -1.1) (end -3.25 -1.1) (layer B.CrtYd) (width 0.05))
    (fp_line (start 3.25 -1.1) (end 3.25 1.11) (layer B.CrtYd) (width 0.05))
    (fp_line (start -3.25 1.11) (end -3.25 -1.1) (layer B.CrtYd) (width 0.05))
    (fp_line (start -3.25 1.11) (end 3.25 1.11) (layer B.CrtYd) (width 0.05))
    (fp_line (start -1 1.07) (end 1 1.07) (layer B.SilkS) (width 0.12))
    (fp_line (start 1 -1.07) (end -1 -1.07) (layer B.SilkS) (width 0.12))
    (fp_line (start -1.6 0.8) (end 1.6 0.8) (layer B.Fab) (width 0.1))
    (fp_line (start 1.6 0.8) (end 1.6 -0.8) (layer B.Fab) (width 0.1))
    (fp_line (start 1.6 -0.8) (end -1.6 -0.8) (layer B.Fab) (width 0.1))
    (fp_line (start -1.6 -0.8) (end -1.6 0.8) (layer B.Fab) (width 0.1))
    (fp_text user %R (at 0 0 180) (layer B.Fab)
      (effects (font (size 0.7 0.7) (thickness 0.105)) (justify mirror))
    )
    (pad 2 smd rect (at 2 0 180) (size 2 1.7) (layers B.Cu B.Paste B.Mask)
      (net 2 GND))
    (pad 1 smd rect (at -2 0 180) (size 2 1.7) (layers B.Cu B.Paste B.Mask)
      (net 3 VDD))
    (model ${KISYS3DMOD}/Resistors_SMD.3dshapes/R_1206.wrl
      (at (xyz 0 0 0))
      (scale (xyz 1 1 1))
      (rotate (xyz 0 0 0))
    )
  )

  (module Resistors_SMD:R_1206_HandSoldering (layer B.Cu) (tedit 58E0A804) (tstamp 5E32992A)
    (at 167.005 102.775 270)
    (descr "Resistor SMD 1206, hand soldering")
    (tags "resistor 1206")
    (path /5E382CEF)
    (attr smd)
    (fp_text reference C6 (at 0 1.85 270) (layer B.SilkS)
      (effects (font (size 1 1) (thickness 0.15)) (justify mirror))
    )
    (fp_text value 1uF (at 0 -1.9 270) (layer B.Fab)
      (effects (font (size 1 1) (thickness 0.15)) (justify mirror))
    )
    (fp_text user %R (at 0 0 270) (layer B.Fab)
      (effects (font (size 0.7 0.7) (thickness 0.105)) (justify mirror))
    )
    (fp_line (start -1.6 -0.8) (end -1.6 0.8) (layer B.Fab) (width 0.1))
    (fp_line (start 1.6 -0.8) (end -1.6 -0.8) (layer B.Fab) (width 0.1))
    (fp_line (start 1.6 0.8) (end 1.6 -0.8) (layer B.Fab) (width 0.1))
    (fp_line (start -1.6 0.8) (end 1.6 0.8) (layer B.Fab) (width 0.1))
    (fp_line (start 1 -1.07) (end -1 -1.07) (layer B.SilkS) (width 0.12))
    (fp_line (start -1 1.07) (end 1 1.07) (layer B.SilkS) (width 0.12))
    (fp_line (start -3.25 1.11) (end 3.25 1.11) (layer B.CrtYd) (width 0.05))
    (fp_line (start -3.25 1.11) (end -3.25 -1.1) (layer B.CrtYd) (width 0.05))
    (fp_line (start 3.25 -1.1) (end 3.25 1.11) (layer B.CrtYd) (width 0.05))
    (fp_line (start 3.25 -1.1) (end -3.25 -1.1) (layer B.CrtYd) (width 0.05))
    (pad 1 smd rect (at -2 0 270) (size 2 1.7) (layers B.Cu B.Paste B.Mask)
      (net 3 VDD))
    (pad 2 smd rect (at 2 0 270) (size 2 1.7) (layers B.Cu B.Paste B.Mask)
      (net 2 GND))
    (model ${KISYS3DMOD}/Resistors_SMD.3dshapes/R_1206.wrl
      (at (xyz 0 0 0))
      (scale (xyz 1 1 1))
      (rotate (xyz 0 0 0))
    )
  )

  (module Resistors_SMD:R_1206_HandSoldering (layer B.Cu) (tedit 58E0A804) (tstamp 5E32993B)
    (at 151.765 99.79 270)
    (descr "Resistor SMD 1206, hand soldering")
    (tags "resistor 1206")
    (path /5E3B633A)
    (attr smd)
    (fp_text reference C7 (at 4.35 0 270) (layer B.SilkS)
      (effects (font (size 1 1) (thickness 0.15)) (justify mirror))
    )
    (fp_text value 1uF (at 0 -1.9 270) (layer B.Fab)
      (effects (font (size 1 1) (thickness 0.15)) (justify mirror))
    )
    (fp_line (start 3.25 -1.1) (end -3.25 -1.1) (layer B.CrtYd) (width 0.05))
    (fp_line (start 3.25 -1.1) (end 3.25 1.11) (layer B.CrtYd) (width 0.05))
    (fp_line (start -3.25 1.11) (end -3.25 -1.1) (layer B.CrtYd) (width 0.05))
    (fp_line (start -3.25 1.11) (end 3.25 1.11) (layer B.CrtYd) (width 0.05))
    (fp_line (start -1 1.07) (end 1 1.07) (layer B.SilkS) (width 0.12))
    (fp_line (start 1 -1.07) (end -1 -1.07) (layer B.SilkS) (width 0.12))
    (fp_line (start -1.6 0.8) (end 1.6 0.8) (layer B.Fab) (width 0.1))
    (fp_line (start 1.6 0.8) (end 1.6 -0.8) (layer B.Fab) (width 0.1))
    (fp_line (start 1.6 -0.8) (end -1.6 -0.8) (layer B.Fab) (width 0.1))
    (fp_line (start -1.6 -0.8) (end -1.6 0.8) (layer B.Fab) (width 0.1))
    (fp_text user %R (at 0 0 270) (layer B.Fab)
      (effects (font (size 0.7 0.7) (thickness 0.105)) (justify mirror))
    )
    (pad 2 smd rect (at 2 0 270) (size 2 1.7) (layers B.Cu B.Paste B.Mask)
      (net 2 GND))
    (pad 1 smd rect (at -2 0 270) (size 2 1.7) (layers B.Cu B.Paste B.Mask)
      (net 1 VCC))
    (model ${KISYS3DMOD}/Resistors_SMD.3dshapes/R_1206.wrl
      (at (xyz 0 0 0))
      (scale (xyz 1 1 1))
      (rotate (xyz 0 0 0))
    )
  )

  (module Resistors_SMD:R_1206_HandSoldering (layer B.Cu) (tedit 58E0A804) (tstamp 5E32994C)
    (at 168.275 80.74 270)
    (descr "Resistor SMD 1206, hand soldering")
    (tags "resistor 1206")
    (path /5E3B6340)
    (attr smd)
    (fp_text reference C8 (at 0 1.85 270) (layer B.SilkS)
      (effects (font (size 1 1) (thickness 0.15)) (justify mirror))
    )
    (fp_text value 1uF (at 0 -1.9 270) (layer B.Fab)
      (effects (font (size 1 1) (thickness 0.15)) (justify mirror))
    )
    (fp_text user %R (at 0 0 270) (layer B.Fab)
      (effects (font (size 0.7 0.7) (thickness 0.105)) (justify mirror))
    )
    (fp_line (start -1.6 -0.8) (end -1.6 0.8) (layer B.Fab) (width 0.1))
    (fp_line (start 1.6 -0.8) (end -1.6 -0.8) (layer B.Fab) (width 0.1))
    (fp_line (start 1.6 0.8) (end 1.6 -0.8) (layer B.Fab) (width 0.1))
    (fp_line (start -1.6 0.8) (end 1.6 0.8) (layer B.Fab) (width 0.1))
    (fp_line (start 1 -1.07) (end -1 -1.07) (layer B.SilkS) (width 0.12))
    (fp_line (start -1 1.07) (end 1 1.07) (layer B.SilkS) (width 0.12))
    (fp_line (start -3.25 1.11) (end 3.25 1.11) (layer B.CrtYd) (width 0.05))
    (fp_line (start -3.25 1.11) (end -3.25 -1.1) (layer B.CrtYd) (width 0.05))
    (fp_line (start 3.25 -1.1) (end 3.25 1.11) (layer B.CrtYd) (width 0.05))
    (fp_line (start 3.25 -1.1) (end -3.25 -1.1) (layer B.CrtYd) (width 0.05))
    (pad 1 smd rect (at -2 0 270) (size 2 1.7) (layers B.Cu B.Paste B.Mask)
      (net 1 VCC))
    (pad 2 smd rect (at 2 0 270) (size 2 1.7) (layers B.Cu B.Paste B.Mask)
      (net 2 GND))
    (model ${KISYS3DMOD}/Resistors_SMD.3dshapes/R_1206.wrl
      (at (xyz 0 0 0))
      (scale (xyz 1 1 1))
      (rotate (xyz 0 0 0))
    )
  )

  (module Resistors_SMD:R_1206_HandSoldering (layer B.Cu) (tedit 58E0A804) (tstamp 5E32995D)
    (at 121.285 80.55 270)
    (descr "Resistor SMD 1206, hand soldering")
    (tags "resistor 1206")
    (path /5E3BB0DD)
    (attr smd)
    (fp_text reference C9 (at 4.54 0 270) (layer B.SilkS)
      (effects (font (size 1 1) (thickness 0.15)) (justify mirror))
    )
    (fp_text value 1uF (at 0 -1.9 270) (layer B.Fab)
      (effects (font (size 1 1) (thickness 0.15)) (justify mirror))
    )
    (fp_line (start 3.25 -1.1) (end -3.25 -1.1) (layer B.CrtYd) (width 0.05))
    (fp_line (start 3.25 -1.1) (end 3.25 1.11) (layer B.CrtYd) (width 0.05))
    (fp_line (start -3.25 1.11) (end -3.25 -1.1) (layer B.CrtYd) (width 0.05))
    (fp_line (start -3.25 1.11) (end 3.25 1.11) (layer B.CrtYd) (width 0.05))
    (fp_line (start -1 1.07) (end 1 1.07) (layer B.SilkS) (width 0.12))
    (fp_line (start 1 -1.07) (end -1 -1.07) (layer B.SilkS) (width 0.12))
    (fp_line (start -1.6 0.8) (end 1.6 0.8) (layer B.Fab) (width 0.1))
    (fp_line (start 1.6 0.8) (end 1.6 -0.8) (layer B.Fab) (width 0.1))
    (fp_line (start 1.6 -0.8) (end -1.6 -0.8) (layer B.Fab) (width 0.1))
    (fp_line (start -1.6 -0.8) (end -1.6 0.8) (layer B.Fab) (width 0.1))
    (fp_text user %R (at 0 0 270) (layer B.Fab)
      (effects (font (size 0.7 0.7) (thickness 0.105)) (justify mirror))
    )
    (pad 2 smd rect (at 2 0 270) (size 2 1.7) (layers B.Cu B.Paste B.Mask)
      (net 2 GND))
    (pad 1 smd rect (at -2 0 270) (size 2 1.7) (layers B.Cu B.Paste B.Mask)
      (net 1 VCC))
    (model ${KISYS3DMOD}/Resistors_SMD.3dshapes/R_1206.wrl
      (at (xyz 0 0 0))
      (scale (xyz 1 1 1))
      (rotate (xyz 0 0 0))
    )
  )

  (module LEDs:LED_D5.0mm_Horizontal_O1.27mm_Z3.0mm (layer F.Cu) (tedit 5880A862) (tstamp 5E329987)
    (at 180.975 95.25 90)
    (descr "LED, diameter 5.0mm z-position of LED center 3.0mm, 2 pins")
    (tags "LED diameter 5.0mm z-position of LED center 3.0mm 2 pins")
    (path /5E26867B)
    (fp_text reference D1 (at 1.27 -1.96 90) (layer F.SilkS)
      (effects (font (size 1 1) (thickness 0.15)))
    )
    (fp_text value "DISK IO" (at 1.27 10.93 90) (layer F.Fab)
      (effects (font (size 1 1) (thickness 0.15)))
    )
    (fp_line (start 4.5 -1.25) (end -1.95 -1.25) (layer F.CrtYd) (width 0.05))
    (fp_line (start 4.5 10.2) (end 4.5 -1.25) (layer F.CrtYd) (width 0.05))
    (fp_line (start -1.95 10.2) (end 4.5 10.2) (layer F.CrtYd) (width 0.05))
    (fp_line (start -1.95 -1.25) (end -1.95 10.2) (layer F.CrtYd) (width 0.05))
    (fp_line (start 2.54 1.08) (end 2.54 1.08) (layer F.SilkS) (width 0.12))
    (fp_line (start 2.54 1.21) (end 2.54 1.08) (layer F.SilkS) (width 0.12))
    (fp_line (start 2.54 1.21) (end 2.54 1.21) (layer F.SilkS) (width 0.12))
    (fp_line (start 2.54 1.08) (end 2.54 1.21) (layer F.SilkS) (width 0.12))
    (fp_line (start 0 1.08) (end 0 1.08) (layer F.SilkS) (width 0.12))
    (fp_line (start 0 1.21) (end 0 1.08) (layer F.SilkS) (width 0.12))
    (fp_line (start 0 1.21) (end 0 1.21) (layer F.SilkS) (width 0.12))
    (fp_line (start 0 1.08) (end 0 1.21) (layer F.SilkS) (width 0.12))
    (fp_line (start 3.83 1.21) (end 4.23 1.21) (layer F.SilkS) (width 0.12))
    (fp_line (start 3.83 2.33) (end 3.83 1.21) (layer F.SilkS) (width 0.12))
    (fp_line (start 4.23 2.33) (end 3.83 2.33) (layer F.SilkS) (width 0.12))
    (fp_line (start 4.23 1.21) (end 4.23 2.33) (layer F.SilkS) (width 0.12))
    (fp_line (start -1.29 1.21) (end 3.83 1.21) (layer F.SilkS) (width 0.12))
    (fp_line (start 3.83 1.21) (end 3.83 7.37) (layer F.SilkS) (width 0.12))
    (fp_line (start -1.29 1.21) (end -1.29 7.37) (layer F.SilkS) (width 0.12))
    (fp_line (start 2.54 0) (end 2.54 0) (layer F.Fab) (width 0.1))
    (fp_line (start 2.54 1.27) (end 2.54 0) (layer F.Fab) (width 0.1))
    (fp_line (start 2.54 1.27) (end 2.54 1.27) (layer F.Fab) (width 0.1))
    (fp_line (start 2.54 0) (end 2.54 1.27) (layer F.Fab) (width 0.1))
    (fp_line (start 0 0) (end 0 0) (layer F.Fab) (width 0.1))
    (fp_line (start 0 1.27) (end 0 0) (layer F.Fab) (width 0.1))
    (fp_line (start 0 1.27) (end 0 1.27) (layer F.Fab) (width 0.1))
    (fp_line (start 0 0) (end 0 1.27) (layer F.Fab) (width 0.1))
    (fp_line (start 3.77 1.27) (end 4.17 1.27) (layer F.Fab) (width 0.1))
    (fp_line (start 3.77 2.27) (end 3.77 1.27) (layer F.Fab) (width 0.1))
    (fp_line (start 4.17 2.27) (end 3.77 2.27) (layer F.Fab) (width 0.1))
    (fp_line (start 4.17 1.27) (end 4.17 2.27) (layer F.Fab) (width 0.1))
    (fp_line (start -1.23 1.27) (end 3.77 1.27) (layer F.Fab) (width 0.1))
    (fp_line (start 3.77 1.27) (end 3.77 7.37) (layer F.Fab) (width 0.1))
    (fp_line (start -1.23 1.27) (end -1.23 7.37) (layer F.Fab) (width 0.1))
    (fp_arc (start 1.27 7.37) (end -1.29 7.37) (angle -180) (layer F.SilkS) (width 0.12))
    (fp_arc (start 1.27 7.37) (end -1.23 7.37) (angle -180) (layer F.Fab) (width 0.1))
    (pad 2 thru_hole circle (at 2.54 0 90) (size 1.8 1.8) (drill 0.9) (layers *.Cu *.Mask)
      (net 6 "Net-(D1-Pad2)"))
    (pad 1 thru_hole rect (at 0 0 90) (size 1.8 1.8) (drill 0.9) (layers *.Cu *.Mask)
      (net 7 /~SS))
    (model ${KISYS3DMOD}/LEDs.3dshapes/LED_D5.0mm_Horizontal_O1.27mm_Z3.0mm.wrl
      (at (xyz 0 0 0))
      (scale (xyz 0.393701 0.393701 0.393701))
      (rotate (xyz 0 0 0))
    )
  )

  (module S80:S80-1 (layer F.Cu) (tedit 5D34BDC2) (tstamp 5E329A30)
    (at 151.230001 98.525001)
    (path /5E1BA6E8)
    (fp_text reference I1 (at -23.495 -34.925) (layer F.SilkS)
      (effects (font (size 1 1) (thickness 0.15)))
    )
    (fp_text value S80_Interface (at 24.13 -34.925) (layer F.Fab)
      (effects (font (size 1 1) (thickness 0.15)))
    )
    (fp_line (start -24.114367 -26.15) (end -25.444367 -26.15) (layer F.SilkS) (width 0.12))
    (fp_line (start 25.935633 -25.68) (end 25.935633 -31.83) (layer F.CrtYd) (width 0.05))
    (fp_line (start -22.844367 -28.75) (end -25.444367 -28.75) (layer F.SilkS) (width 0.12))
    (fp_line (start -25.914367 -31.83) (end -25.914367 -25.68) (layer F.CrtYd) (width 0.05))
    (fp_line (start -22.844367 -26.15) (end -22.844367 -28.75) (layer F.SilkS) (width 0.12))
    (fp_line (start -25.384367 -31.29) (end 25.415633 -31.29) (layer F.Fab) (width 0.1))
    (fp_line (start 25.475633 -26.15) (end 25.475633 -31.35) (layer F.SilkS) (width 0.12))
    (fp_line (start -24.114367 -26.21) (end -25.384367 -27.48) (layer F.Fab) (width 0.1))
    (fp_line (start -25.444367 -31.35) (end 25.475633 -31.35) (layer F.SilkS) (width 0.12))
    (fp_line (start 25.935633 -31.83) (end -25.914367 -31.83) (layer F.CrtYd) (width 0.05))
    (fp_line (start 25.415633 -31.29) (end 25.415633 -26.21) (layer F.Fab) (width 0.1))
    (fp_line (start -25.444367 -28.75) (end -25.444367 -31.35) (layer F.SilkS) (width 0.12))
    (fp_line (start -25.444367 -26.15) (end -25.444367 -27.48) (layer F.SilkS) (width 0.12))
    (fp_line (start 25.415633 -26.21) (end -24.114367 -26.21) (layer F.Fab) (width 0.1))
    (fp_line (start -25.914367 -25.68) (end 25.935633 -25.68) (layer F.CrtYd) (width 0.05))
    (fp_line (start -25.384367 -27.48) (end -25.384367 -31.29) (layer F.Fab) (width 0.1))
    (fp_line (start -22.844367 -26.15) (end 25.475633 -26.15) (layer F.SilkS) (width 0.12))
    (fp_line (start -33.02 36.83) (end 33.02 36.83) (layer Dwgs.User) (width 0.2))
    (fp_line (start -33.02 -36.83) (end 33.02 -36.83) (layer Dwgs.User) (width 0.2))
    (fp_arc (start -33.02 31.75) (end -38.1 31.75) (angle -90) (layer Dwgs.User) (width 0.2))
    (fp_arc (start 33.02 31.75) (end 33.02 36.83) (angle -90) (layer Dwgs.User) (width 0.2))
    (fp_arc (start 33.02 -31.75) (end 38.1 -31.75) (angle -90) (layer Dwgs.User) (width 0.2))
    (fp_arc (start -33.02 -31.75) (end -33.02 -36.83) (angle -90) (layer Dwgs.User) (width 0.2))
    (fp_line (start -38.1 -31.75) (end -38.1 31.75) (layer Dwgs.User) (width 0.2))
    (fp_line (start 38.1 -31.75) (end 38.1 31.75) (layer Dwgs.User) (width 0.2))
    (fp_line (start -24.9554 32.372) (end -24.9554 31.042) (layer F.SilkS) (width 0.12))
    (fp_line (start -25.4254 29.242) (end -25.4254 32.842) (layer F.CrtYd) (width 0.05))
    (fp_line (start -4.0754 29.242) (end -25.4254 29.242) (layer F.CrtYd) (width 0.05))
    (fp_line (start -25.4254 32.842) (end -4.0754 32.842) (layer F.CrtYd) (width 0.05))
    (fp_line (start -22.3554 32.372) (end -22.3554 29.712) (layer F.SilkS) (width 0.12))
    (fp_line (start -4.5154 32.372) (end -4.5154 29.712) (layer F.SilkS) (width 0.12))
    (fp_line (start -4.5754 32.312) (end -24.2604 32.312) (layer F.Fab) (width 0.1))
    (fp_line (start -4.5754 29.772) (end -4.5754 32.312) (layer F.Fab) (width 0.1))
    (fp_line (start -24.8954 29.772) (end -4.5754 29.772) (layer F.Fab) (width 0.1))
    (fp_line (start -4.0754 32.842) (end -4.0754 29.242) (layer F.CrtYd) (width 0.05))
    (fp_line (start -23.6254 32.372) (end -24.9554 32.372) (layer F.SilkS) (width 0.12))
    (fp_line (start -22.3554 29.712) (end -4.5154 29.712) (layer F.SilkS) (width 0.12))
    (fp_line (start -22.3554 32.372) (end -4.5154 32.372) (layer F.SilkS) (width 0.12))
    (fp_line (start -24.2604 32.312) (end -24.8954 31.677) (layer F.Fab) (width 0.1))
    (fp_line (start -24.8954 31.677) (end -24.8954 29.772) (layer F.Fab) (width 0.1))
    (fp_line (start 25.3886 32.842) (end 25.3886 29.242) (layer F.CrtYd) (width 0.05))
    (fp_line (start 7.1086 32.372) (end 24.9486 32.372) (layer F.SilkS) (width 0.12))
    (fp_line (start 5.8386 32.372) (end 4.5086 32.372) (layer F.SilkS) (width 0.12))
    (fp_line (start 4.5686 31.677) (end 4.5686 29.772) (layer F.Fab) (width 0.1))
    (fp_line (start 5.2036 32.312) (end 4.5686 31.677) (layer F.Fab) (width 0.1))
    (fp_line (start 7.1086 29.712) (end 24.9486 29.712) (layer F.SilkS) (width 0.12))
    (fp_line (start 4.5686 29.772) (end 24.8886 29.772) (layer F.Fab) (width 0.1))
    (fp_line (start 4.0386 29.242) (end 4.0386 32.842) (layer F.CrtYd) (width 0.05))
    (fp_line (start 24.8886 32.312) (end 5.2036 32.312) (layer F.Fab) (width 0.1))
    (fp_line (start 4.5086 32.372) (end 4.5086 31.042) (layer F.SilkS) (width 0.12))
    (fp_line (start 24.8886 29.772) (end 24.8886 32.312) (layer F.Fab) (width 0.1))
    (fp_line (start 24.9486 32.372) (end 24.9486 29.712) (layer F.SilkS) (width 0.12))
    (fp_line (start 7.1086 32.372) (end 7.1086 29.712) (layer F.SilkS) (width 0.12))
    (fp_line (start 4.0386 32.842) (end 25.3886 32.842) (layer F.CrtYd) (width 0.05))
    (fp_line (start 25.3886 29.242) (end 4.0386 29.242) (layer F.CrtYd) (width 0.05))
    (fp_text user "User Port A" (at -14.732 34.544) (layer F.SilkS)
      (effects (font (size 1 1) (thickness 0.15)))
    )
    (fp_text user "User Port B" (at 14.732 34.544) (layer F.SilkS)
      (effects (font (size 1 1) (thickness 0.15)))
    )
    (fp_text user GND (at -24.13 -24.638) (layer F.SilkS)
      (effects (font (size 0.762 0.762) (thickness 0.15)))
    )
    (fp_text user VCC (at -24.13 -32.766) (layer F.SilkS)
      (effects (font (size 0.762 0.762) (thickness 0.15)))
    )
    (fp_text user A0 (at -21.59 -24.638) (layer F.SilkS)
      (effects (font (size 0.762 0.762) (thickness 0.15)))
    )
    (fp_text user A3 (at -19.05 -32.766) (layer F.SilkS)
      (effects (font (size 0.762 0.762) (thickness 0.15)))
    )
    (fp_text user A5 (at -16.51 -32.766) (layer F.SilkS)
      (effects (font (size 0.762 0.762) (thickness 0.15)))
    )
    (fp_text user A7 (at -13.97 -32.766) (layer F.SilkS)
      (effects (font (size 0.762 0.762) (thickness 0.15)))
    )
    (fp_text user A9 (at -11.43 -32.766) (layer F.SilkS)
      (effects (font (size 0.762 0.762) (thickness 0.15)))
    )
    (fp_text user A11 (at -8.89 -32.766) (layer F.SilkS)
      (effects (font (size 0.762 0.762) (thickness 0.15)))
    )
    (fp_text user A13 (at -6.35 -32.766) (layer F.SilkS)
      (effects (font (size 0.762 0.762) (thickness 0.15)))
    )
    (fp_text user A15 (at -3.81 -32.766) (layer F.SilkS)
      (effects (font (size 0.762 0.762) (thickness 0.15)))
    )
    (fp_text user A1 (at -21.59 -32.766) (layer F.SilkS)
      (effects (font (size 0.762 0.762) (thickness 0.15)))
    )
    (fp_text user A2 (at -19.05 -24.638) (layer F.SilkS)
      (effects (font (size 0.762 0.762) (thickness 0.15)))
    )
    (fp_text user A4 (at -16.51 -24.638) (layer F.SilkS)
      (effects (font (size 0.762 0.762) (thickness 0.15)))
    )
    (fp_text user A6 (at -13.97 -24.638) (layer F.SilkS)
      (effects (font (size 0.762 0.762) (thickness 0.15)))
    )
    (fp_text user A8 (at -11.43 -24.638) (layer F.SilkS)
      (effects (font (size 0.762 0.762) (thickness 0.15)))
    )
    (fp_text user A10 (at -8.89 -24.638) (layer F.SilkS)
      (effects (font (size 0.762 0.762) (thickness 0.15)))
    )
    (fp_text user A12 (at -6.35 -24.638) (layer F.SilkS)
      (effects (font (size 0.762 0.762) (thickness 0.15)))
    )
    (fp_text user A14 (at -3.81 -24.638) (layer F.SilkS)
      (effects (font (size 0.762 0.762) (thickness 0.15)))
    )
    (fp_text user D0 (at -1.27 -24.638) (layer F.SilkS)
      (effects (font (size 0.762 0.762) (thickness 0.15)))
    )
    (fp_text user D2 (at 1.27 -24.638) (layer F.SilkS)
      (effects (font (size 0.762 0.762) (thickness 0.15)))
    )
    (fp_text user D4 (at 3.81 -24.638) (layer F.SilkS)
      (effects (font (size 0.762 0.762) (thickness 0.15)))
    )
    (fp_text user D6 (at 6.35 -24.638) (layer F.SilkS)
      (effects (font (size 0.762 0.762) (thickness 0.15)))
    )
    (fp_text user D1 (at -1.27 -32.766) (layer F.SilkS)
      (effects (font (size 0.762 0.762) (thickness 0.15)))
    )
    (fp_text user D3 (at 1.27 -32.766) (layer F.SilkS)
      (effects (font (size 0.762 0.762) (thickness 0.15)))
    )
    (fp_text user D5 (at 3.81 -32.766) (layer F.SilkS)
      (effects (font (size 0.762 0.762) (thickness 0.15)))
    )
    (fp_text user D7 (at 6.35 -32.766) (layer F.SilkS)
      (effects (font (size 0.762 0.762) (thickness 0.15)))
    )
    (fp_text user ~RST (at 8.89 -24.638) (layer F.SilkS)
      (effects (font (size 0.762 0.762) (thickness 0.15)))
    )
    (fp_text user ~NMI (at 11.43 -24.638) (layer F.SilkS)
      (effects (font (size 0.762 0.762) (thickness 0.15)))
    )
    (fp_text user ~M1 (at 13.97 -24.638) (layer F.SilkS)
      (effects (font (size 0.762 0.762) (thickness 0.15)))
    )
    (fp_text user ~WAI (at 16.51 -24.638) (layer F.SilkS)
      (effects (font (size 0.762 0.762) (thickness 0.15)))
    )
    (fp_text user ~RD (at 19.05 -24.638) (layer F.SilkS)
      (effects (font (size 0.762 0.762) (thickness 0.15)))
    )
    (fp_text user ~MRQ (at 21.59 -24.638) (layer F.SilkS)
      (effects (font (size 0.762 0.762) (thickness 0.15)))
    )
    (fp_text user ~BRQ (at 24.13 -24.638) (layer F.SilkS)
      (effects (font (size 0.762 0.762) (thickness 0.15)))
    )
    (fp_text user ~CLK (at 8.89 -32.766) (layer F.SilkS)
      (effects (font (size 0.762 0.762) (thickness 0.15)))
    )
    (fp_text user ~INT (at 11.43 -32.766) (layer F.SilkS)
      (effects (font (size 0.762 0.762) (thickness 0.15)))
    )
    (fp_text user ~RFS (at 13.97 -32.766) (layer F.SilkS)
      (effects (font (size 0.762 0.762) (thickness 0.15)))
    )
    (fp_text user ~HLT (at 16.51 -32.766) (layer F.SilkS)
      (effects (font (size 0.762 0.762) (thickness 0.15)))
    )
    (fp_text user ~WR (at 19.05 -32.766) (layer F.SilkS)
      (effects (font (size 0.762 0.762) (thickness 0.15)))
    )
    (fp_text user ~IOR (at 21.59 -32.766) (layer F.SilkS)
      (effects (font (size 0.762 0.762) (thickness 0.15)))
    )
    (fp_text user ~BAK (at 24.13 -32.766) (layer F.SilkS)
      (effects (font (size 0.762 0.762) (thickness 0.15)))
    )
    (fp_circle (center 33.02 -33.02) (end 36.22 -33.02) (layer Cmts.User) (width 0.15))
    (fp_circle (center 33.02 -33.02) (end 36.47 -33.02) (layer F.CrtYd) (width 0.05))
    (fp_circle (center 33.02 33.02) (end 36.47 33.02) (layer F.CrtYd) (width 0.05))
    (fp_circle (center 33.02 33.02) (end 36.22 33.02) (layer Cmts.User) (width 0.15))
    (fp_circle (center -33.02 33.02) (end -29.82 33.02) (layer Cmts.User) (width 0.15))
    (fp_circle (center -33.02 33.02) (end -29.57 33.02) (layer F.CrtYd) (width 0.05))
    (fp_circle (center -33.02 -33.02) (end -29.57 -33.02) (layer F.CrtYd) (width 0.05))
    (fp_circle (center -33.02 -33.02) (end -29.82 -33.02) (layer Cmts.User) (width 0.15))
    (pad 20 thru_hole oval (at -1.254367 -30.02 90) (size 1.7 1.7) (drill 1) (layers *.Cu *.Mask)
      (net 8 /D1))
    (pad 15 thru_hole oval (at -6.334367 -27.48 90) (size 1.7 1.7) (drill 1) (layers *.Cu *.Mask)
      (net 9 "Net-(I1-Pad15)"))
    (pad 18 thru_hole oval (at -3.794367 -30.02 90) (size 1.7 1.7) (drill 1) (layers *.Cu *.Mask)
      (net 10 "Net-(I1-Pad18)"))
    (pad 1 thru_hole rect (at -24.114367 -27.48 90) (size 1.7 1.7) (drill 1) (layers *.Cu *.Mask)
      (net 2 GND))
    (pad 16 thru_hole oval (at -6.334367 -30.02 90) (size 1.7 1.7) (drill 1) (layers *.Cu *.Mask)
      (net 11 "Net-(I1-Pad16)"))
    (pad 24 thru_hole oval (at 3.825633 -30.02 90) (size 1.7 1.7) (drill 1) (layers *.Cu *.Mask)
      (net 12 /D5))
    (pad 12 thru_hole oval (at -11.414367 -30.02 90) (size 1.7 1.7) (drill 1) (layers *.Cu *.Mask)
      (net 13 "Net-(I1-Pad12)"))
    (pad 4 thru_hole oval (at -21.574367 -30.02 90) (size 1.7 1.7) (drill 1) (layers *.Cu *.Mask)
      (net 14 /MODE1))
    (pad 5 thru_hole oval (at -19.034367 -27.48 90) (size 1.7 1.7) (drill 1) (layers *.Cu *.Mask)
      (net 15 "Net-(I1-Pad5)"))
    (pad 2 thru_hole oval (at -24.114367 -30.02 90) (size 1.7 1.7) (drill 1) (layers *.Cu *.Mask)
      (net 1 VCC))
    (pad 9 thru_hole oval (at -13.954367 -27.48 90) (size 1.7 1.7) (drill 1) (layers *.Cu *.Mask)
      (net 16 "Net-(I1-Pad9)"))
    (pad 13 thru_hole oval (at -8.874367 -27.48 90) (size 1.7 1.7) (drill 1) (layers *.Cu *.Mask)
      (net 17 "Net-(I1-Pad13)"))
    (pad 10 thru_hole oval (at -13.954367 -30.02 90) (size 1.7 1.7) (drill 1) (layers *.Cu *.Mask)
      (net 18 "Net-(I1-Pad10)"))
    (pad 3 thru_hole oval (at -21.574367 -27.48 90) (size 1.7 1.7) (drill 1) (layers *.Cu *.Mask)
      (net 19 /MODE0))
    (pad 6 thru_hole oval (at -19.034367 -30.02 90) (size 1.7 1.7) (drill 1) (layers *.Cu *.Mask)
      (net 20 "Net-(I1-Pad6)"))
    (pad 14 thru_hole oval (at -8.874367 -30.02 90) (size 1.7 1.7) (drill 1) (layers *.Cu *.Mask)
      (net 21 "Net-(I1-Pad14)"))
    (pad 17 thru_hole oval (at -3.794367 -27.48 90) (size 1.7 1.7) (drill 1) (layers *.Cu *.Mask)
      (net 22 "Net-(I1-Pad17)"))
    (pad 22 thru_hole oval (at 1.285633 -30.02 90) (size 1.7 1.7) (drill 1) (layers *.Cu *.Mask)
      (net 23 /D3))
    (pad 19 thru_hole oval (at -1.254367 -27.48 90) (size 1.7 1.7) (drill 1) (layers *.Cu *.Mask)
      (net 24 /D0))
    (pad 23 thru_hole oval (at 3.825633 -27.48 90) (size 1.7 1.7) (drill 1) (layers *.Cu *.Mask)
      (net 25 /D4))
    (pad 21 thru_hole oval (at 1.285633 -27.48 90) (size 1.7 1.7) (drill 1) (layers *.Cu *.Mask)
      (net 26 /D2))
    (pad 11 thru_hole oval (at -11.414367 -27.48 90) (size 1.7 1.7) (drill 1) (layers *.Cu *.Mask)
      (net 27 "Net-(I1-Pad11)"))
    (pad 7 thru_hole oval (at -16.494367 -27.48 90) (size 1.7 1.7) (drill 1) (layers *.Cu *.Mask)
      (net 28 "Net-(I1-Pad7)"))
    (pad 8 thru_hole oval (at -16.494367 -30.02 90) (size 1.7 1.7) (drill 1) (layers *.Cu *.Mask)
      (net 29 "Net-(I1-Pad8)"))
